4294967294,0
4294967278,233
4294967278,33
4294967278,225
4294967279,225
4294967278,222
4294967278,32
4294967278,219
4294967278,31
4294967278,29
4294967278,217
4294967279,217
4294967278,215
4294967279,215
4294967278,24
4294967278,20
4294967279,20
4294967278,295
4294967279,376
4294967279,375
4294967278,209
4294967279,315
4294967278,206
4294967279,206
4294967279,205
4294967278,203
4294967279,204
4294967278,202
4294967278,201
4294967278,200
4294967278,199
4294967279,200
4294967278,197
4294967278,194
4294967279,195
4294967278,193
4294967279,194
4294967278,192
4294967279,193
4294967278,191
4294967278,189
4294967279,189
4294967278,187
4294967279,188
4294967278,186
4294967278,185
4294967279,183
4294967278,181
4294967279,182
4294967279,181
4294967279,179
4294967279,301
4294967279,13
4294967279,12
4294967278,168
4294967278,561
4294967279,300
4294967278,560
4294967279,166
4294967278,559
4294967279,299
4294967278,558
4294967278,160
4294967279,161
4294967278,159
4294967279,160
4294967278,290
4294967279,297
4294967279,374
4294967279,296
4294967279,153
4294967279,373
4294967294,1355
4294967278,131
4294967278,124
4294967278,123
4294967278,122
4294967278,120
4294967278,119
4294967278,118
4294967278,117
4294967278,115
4294967278,114
4294967278,113
4294967278,111
4294967278,110
4294967278,109
4294967278,108
4294967278,107
4294967278,106
4294967278,102
4294967278,100
4294967278,99
4294967278,98
4294967278,97
4294967278,95
4294967278,94
4294967278,93
4294967278,91
4294967278,90
4294967278,89
4294967278,87
4294967278,86
4294967278,85
4294967278,84
4294967278,83
4294967278,81
4294967278,80
4294967278,79
4294967278,78
4294967278,77
4294967278,76
4294967278,75
4294967278,73
4294967278,72
4294967278,71
4294967278,70
4294967278,69
4294967278,68
4294967278,67
4294967278,66
4294967278,65
4294967278,64
4294967278,63
4294967278,62
4294967278,61
4294967278,60
4294967278,59
4294967278,58
4294967278,57
4294967278,56
4294967278,55
4294967278,54
4294967278,53
4294967278,52
4294967278,51
4294967278,50
4294967278,49
4294967278,48
4294967278,47
4294967278,46
4294967278,45
4294967278,44
4294967278,43
4294967278,42
4294967278,41
4294967278,40
4294967279,23
4294967279,18
4294967279,16
4294967279,14
4294967279,11
4294967279,10
4294967279,9
4294967279,8
4294967279,7
4294967279,6
4294967279,5
4294967279,4
4294967278,557
4294967278,39
4294967278,38
4294967278,37
4294967279,294
4294967278,556
4294967278,555
4294967279,292
4294967279,372
4294967278,554
4294967279,371
4294967278,553
4294967278,552
4294967279,370
4294967278,137
4294967279,134
4294967278,272
4294967279,22
4294967279,21
18,2
4294967278,288
4294967278,273
4294967279,369
4294967278,551
4294967278,0
38,0
4294967278,281
4294967279,288
4294967279,368
4294967279,367
4294967278,132
4294967278,301
4294967278,130
4294967278,129
4294967278,128
4294967278,127
4294967278,126
4294967278,125
4294967278,121
4294967278,116
4294967278,105
4294967278,286
37,124
37,123
37,122
37,121
37,120
37,119
37,118
37,117
37,116
37,115
4294967278,285
37,114
37,113
37,112
37,111
37,110
37,109
37,108
37,107
37,106
37,105
37,104
37,103
37,102
37,101
37,100
37,99
37,98
37,97
37,96
37,95
37,94
37,93
37,92
37,91
37,90
37,89
37,88
37,87
37,86
37,85
18,4
4294967278,262
4294967279,283
4294967279,366
38,8
4294967278,550
4294967279,365
4294967278,283
4294967278,277
4294967278,549
4294967279,364
4294967278,548
4294967279,363
4294967279,0
37,84
37,83
37,82
37,81
37,80
37,79
37,78
37,77
37,76
37,75
37,74
37,73
37,72
37,71
37,70
37,69
37,68
37,67
37,66
37,65
37,0
37,64
37,38
37,37
37,36
37,35
37,34
37,33
37,32
37,31
37,30
37,29
37,28
37,27
37,26
37,25
37,24
37,23
37,22
37,21
37,20
37,19
37,18
37,17
37,16
37,15
4294967278,235
4294967278,112
4294967278,221
4294967278,104
4294967278,103
4294967278,101
4294967278,547
4294967294,1357
4294967294,7
4294967278,546
4294967278,250
4294967279,249
4294967278,243
4294967279,243
4294967278,239
4294967278,545
4294967279,239
4294967278,544
4294967279,362
37,14
37,13
37,12
37,11
4294967279,361
4294967278,231
4294967279,228
4294967279,226
4294967294,93
4294967294,95
4294967279,222
4294967294,1359
4294967294,52
4294967278,294
4294967278,96
4294967278,92
4294967278,82
4294967278,74
4294967279,221
4294967294,25
4294967294,1360
4294967294,27
28,4
4294967294,14
4294967294,20
4294967294,13
4294967278,218
4294967278,216
4294967279,280
4294967279,214
4294967279,213
4294967279,212
4294967279,211
4294967294,67
4294967294,973
4294967294,83
4294967294,6
4294967294,5
0,5
4294967293,131
4294967293,130
4294967293,129
4294967293,128
4294967293,127
4294967293,126
4294967293,125
4294967293,124
4294967293,123
4294967293,122
4294967293,121
4294967293,120
4294967293,119
4294967293,118
4294967293,117
4294967293,116
4294967293,115
